Recursive
-----------------------
n     time (in milliseconds)
=======================
2     0
3     0
4     0
5     1
6     14
7     104
8     1031
9     15460
10     238992

Memoizing
-----------------------
n     time (in milliseconds)
=======================
2     0
4     0
8     0
16     5
32     44
64     380
128     3308
256     29124
512     257987
1024     2307438

Dynamic Programming
-----------------------
n     time (in milliseconds)
=======================
2     0
4     0
8     4
16     61
32     962
64     16459
128     288872
256     5119960
