Recursive
-----------------------
n     time (in milliseconds)
=======================
2     0
3     0
4     0
5     0
6     4
7     66
8     992
9     15045
10     232461

Memoizing
-----------------------
n     time (in milliseconds)
=======================
2     0
4     0
8     0
16     0
32     4
64     17
128     121
256     917
512     7115
1024     56095

Dynamic Programming
-----------------------
n     time (in milliseconds)
=======================
2     0
4     0
8     0
16     3
32     48
64     683
128     10307
256     160814
512     2525566
1024     40313326
